10000
438662
795051
589044
966837
694524
529057
264206
403648
498292
113269
87602
730494
493578
224681
194669
815304
945253
609241
752077
556176
809597
180517
884482
47550
437278
869884
121845
802171
294082
68729
81916
686991
476457
231449
817119
940095
298786
578167
932983
513440
166949
555853
280506
672550
595873
554134
974326
721031
481487
699088
673077
527000
509992
226202
248311
348686
150687
669239
270814
298747
766168
968574
826690
44240
243076
144518
864391
809682
850163
566325
198773
355703
57955
555733
805039
260504
429922
295169
114712
546663
833547
777140
483059
12587
87121
63493
388366
803798
776639
120835
593696
800688
280233
107609
842742
710845
380892
244004
72203
5559
574694
490875
52460
156060
835058
852659
24200
494095
177238
766636
607712
326211
381538
277945
566042
89982
432706
322096
32860
784644
119450
716528
875643
605507
484936
205265
15804
8081
155190
610508
107877
885297
581200
443810
685342
948631
207937
258294
92881
595050
150712
62949
749747
563236
633817
25932
985623
153226
776854
657327
288894
954341
481066
841900
827407
361174
461849
836994
149893
839935
410925
285225
229634
144710
390683
32007
348212
979312
383007
466562
165089
383057
465165
894075
237212
76934
237932
585725
926891
727911
186152
108906
516046
55411
255628
29458
760819
871477
572704
146766
392807
407486
217483
182322
442972
499152
51801
144999
410943
599083
341399
358554
621786
742787
944791
596440
115313
868287
896558
490475
147154
965029
503946
481666
78167
213498
215572
442424
4658
405416
154690
915788
672811
670300
505338
778946
447441
913883
574789
304892
541027
209127
822250
47885
622653
134809
221222
512347
130275
554919
111642
30854
728114
755639
79086
337619
827276
619292
266280
341277
747221
975218
196313
92732
422799
194834
703856
992532
337179
700357
687985
816936
750429
908858
295244
107574
378816
909062
714558
755400
449247
446035
59599
180018
871455
145552
968071
671931
190045
299507
760938
216100
195131
783068
290833
956897
255411
107110
772635
586733
8872
119912
178826
201741
373935
542444
569038
934653
137758
160222
483389
729860
155806
893069
254483
273094
694146
522828
752953
754317
983637
769528
74427
445728
504569
732000
529656
970000
958774
965074
165995
10211
987478
716949
190021
734542
145177
910788
934781
242156
195037
323591
43650
736045
964141
158933
639389
281986
772286
686387
52848
9090
60054
498356
688268
769981
904610
27575
963453
448098
810769
399638
133776
480631
710447
318855
121054
360074
4900
817218
278302
55426
353550
126714
154215
644765
252389
36280
895543
899731
216198
718730
342779
326330
622739
701530
844213
565647
786918
992176
719467
645796
611426
671185
802952
234040
173714
365776
909754
40201
749819
339543
906960
414464
608572
738913
182183
524592
411724
467295
728087
678365
208869
455982
887822
443839
519292
783195
889177
191700
368953
979539
888751
823765
146055
230270
391939
221558
331429
848986
590853
692009
516430
923779
593070
299837
223980
822976
824357
466917
604527
467282
492846
802160
721850
372616
963315
926253
158200
662119
627077
607000
509918
309891
914273
414638
883896
419989
553431
386802
239638
730297
644297
142286
282201
180240
227413
565877
238225
46549
831907
894937
614588
42079
185464
857267
140993
200757
812429
258362
462209
732753
971129
625763
773649
719124
36299
730191
309446
930039
545018
351556
456984
244004
24383
382260
145135
491512
244694
526140
954999
681326
522967
423591
583215
700205
560588
527435
417267
748261
102944
935014
63901
631671
374159
51253
348060
700522
540850
812422
986380
597114
584065
941169
818009
418667
222113
696989
701764
543179
605528
40991
901072
599281
900647
13835
810118
176950
99586
372957
373976
635974
328483
913114
367123
516076
407537
3576
763614
534759
172710
206013
304294
872302
595988
545543
693295
192230
560068
927032
265750
914693
615097
468054
566170
313422
519724
235187
75433
891586
540721
608195
421999
998451
638031
598793
264981
811844
118437
850192
439337
781396
952699
374800
484936
248878
994042
332873
807666
315004
522776
752848
839950
360533
40936
365832
832228
845391
508537
409392
338110
376771
902671
631614
356031
163594
258767
78279
960400
540998
531041
466812
762563
24971
771468
43553
869806
979573
767511
519335
564312
497693
788165
339899
658224
680427
475209
854229
680764
453994
5333
825608
625578
634298
422302
809478
711092
105464
610292
947417
628897
54343
216138
58242
411398
913015
558277
769544
900096
348878
167416
83404
288982
263173
345296
445934
948148
414323
233919
479237
264905
813942
964750
318048
703402
921304
667746
153894
232248
690223
671013
386385
299110
604005
177490
557935
123394
650989
802920
990491
471807
163062
499162
725931
522074
207040
976112
721167
800357
368231
258945
954818
151765
990029
78506
951515
494999
787315
128800
722638
781613
407094
106357
624027
873992
29011
303405
929437
274127
729334
725978
681227
695020
324106
649213
61667
763636
812266
355537
356227
598469
670390
971707
463694
147233
832290
648375
588486
109610
657755
483273
972123
186822
90111
369033
480889
181141
786176
820127
967343
563523
374287
569818
669820
582905
736155
477889
787904
621136
571750
966294
780324
623581
798922
167745
2216
260809
898721
286917
964827
372231
295989
6836
425344
290411
700363
340305
802705
763245
402919
419804
995790
23821
223935
993564
619906
785635
286532
976922
350930
344914
330990
806501
803841
754447
823621
711943
206626
497144
331584
328925
305102
559425
960344
871917
53736
888004
614681
291831
720425
202059
200635
626186
405268
22406
336373
445293
876794
705630
106328
93291
638792
323229
331333
407507
311606
401572
31594
992219
715018
407638
291797
700636
278098
453205
539593
510832
808912
22415
268079
873389
263142
994404
523599
920083
694607
147143
690723
319968
342176
198213
787008
612905
846014
495192
841779
265385
221416
32375
767651
722479
617318
443346
300190
868083
997639
168275
697830
898398
490601
461131
894854
949804
357362
700933
478027
792193
888122
649726
768688
828361
368384
840999
578242
436386
703060
870934
551822
708760
606382
995323
487812
765021
201853
450664
92295
33371
747486
800753
52793
351543
682396
783655
629221
966684
715545
620921
332593
125206
267455
501266
182645
77389
908990
180539
514609
770613
453466
560736
606064
121294
378679
211698
746083
799593
874096
273851
618660
633065
212855
909620
539228
895767
239142
14793
488896
689277
329646
822652
491643
463382
824147
655964
254221
638696
69759
462906
75276
288211
781874
365403
231344
4590
661015
340867
874899
851476
854468
559723
219873
375360
700668
77418
405733
138174
885313
861894
958554
580003
122396
659716
613951
896039
186120
816626
919800
339464
665374
865281
230431
566809
217048
516285
181128
909533
119034
636691
336656
163503
623360
226738
540688
57219
564114
638277
893978
392865
903399
503393
481969
799723
446595
909075
839716
433501
895487
26572
330642
489412
717343
650653
785922
115862
590447
966355
552554
635965
996214
634458
806666
706611
63272
374848
727739
415094
904722
801717
746146
741162
5386
637363
140253
94128
540373
149484
638614
525244
250248
7899
513887
907553
938776
182217
173376
963044
813239
891928
467885
910730
844265
370151
265394
572935
32039
461849
551576
912921
909206
425978
657015
18110
967217
811659
305198
217146
431557
755470
359100
29649
867350
732061
180134
914962
880112
901668
875821
191083
36085
678164
908375
665888
297978
612988
96515
389999
58464
558495
580391
678891
313139
842785
551101
434196
743039
769244
908787
17372
995070
525167
438875
605424
550637
15570
845498
782313
584366
808820
59388
905160
322466
751866
87114
812750
674462
69244
930077
436919
449745
373587
537156
244221
190286
981876
866260
862371
81545
108136
514821
738760
105093
894159
594589
411186
14758
105956
604024
453292
465376
846823
405332
429150
824111
676537
808689
21954
248031
712700
929602
873308
299961
381370
998152
640379
111936
234604
928714
815524
901224
114974
384151
810301
700825
992280
674745
795786
375085
152891
120352
402058
232872
646600
845855
568841
223052
917413
593633
738521
233761
503257
497129
570764
50300
472953
544069
4398
875243
544960
81461
622474
988461
16018
784034
566987
435160
908778
247037
85872
765018
239546
503126
544690
197035
759753
345455
916048
825559
879767
856843
93475
54335
606602
845155
599914
809641
126510
599022
129008
88159
288513
987691
61075
871828
49873
960818
487354
832213
225202
760824
480696
389994
53764
382505
281172
21598
795573
506389
64661
707522
101039
263659
249905
372954
813277
864022
283513
617865
675731
674308
331668
965881
443356
558141
87526
277871
901726
582967
175991
405505
665102
34403
340276
635879
625216
90976
760410
971261
366708
60591
464219
669310
741006
782361
745058
880653
89298
54085
463228
310905
930814
311003
221921
687288
291983
147054
273173
359314
284807
872415
442310
248063
233433
663451
291734
717822
608384
737534
184879
44167
111780
634778
418889
644592
496939
358888
208212
359311
29439
88984
634038
159647
176384
697029
865123
15532
589289
803112
280976
605286
541000
325323
788173
758803
264832
573623
958189
205860
880573
629875
474802
554986
854772
816593
745123
824417
826385
768554
973851
662853
121461
137657
212551
703087
886370
765256
454547
582277
875489
740222
512275
3078
155090
904918
636207
735475
16153
570889
979386
481156
8597
370992
22966
18958
234945
297168
833394
809770
267323
340164
596519
703836
805116
967545
218832
17695
787909
980531
109954
957274
933747
590632
290200
605533
317952
686668
945015
439238
618171
17371
639087
567232
301520
340178
977267
817940
20428
745755
492546
393249
463589
442096
413194
125439
879130
732168
100278
742600
982089
133471
885066
357406
808196
356252
571527
978333
962791
876032
404191
697904
43364
460633
544937
22098
98481
200684
830223
808307
423392
187137
232423
412311
244750
803583
469443
580067
621037
381036
760611
838719
89195
278721
529916
19570
199038
838398
620077
676232
748515
833188
907597
806816
230040
724897
871162
772755
536462
257047
820077
512875
124074
287964
469281
976720
687176
234604
994534
784490
154184
118578
876004
801384
93196
802767
347617
421929
980165
150549
659684
259456
952577
549764
244515
173785
535376
527100
82650
579370
966668
950465
971263
123466
106118
247234
449057
234382
347423
389593
887482
624364
4956
70786
875304
580476
594682
929901
462026
116844
25612
580677
171292
875553
621043
743354
150706
523518
303481
833889
533129
591906
199272
941451
668488
92007
732835
706585
617844
164610
805891
236203
631701
219132
95476
223047
270987
591853
695087
620350
645616
59135
144408
368860
898986
15305
896638
468526
297114
286420
989780
339164
736339
656009
212160
25732
655532
424449
815525
244120
553719
1076
874442
302149
337248
957059
185286
818333
98497
88724
190134
525469
679027
643925
900936
611217
510875
488956
907883
947533
577397
106109
675384
522221
703491
261618
362774
70995
659268
516513
753932
361239
135074
808944
138952
258292
686308
190194
46042
689126
245656
666101
193271
3691
368926
868672
636039
62817
88035
699845
790010
808205
547387
86499
71210
128356
723503
888111
578289
89733
300947
394822
401293
368696
539168
761017
268720
69995
3035
47024
178276
724488
220549
458194
689107
578983
781206
141550
349047
3956
841175
311982
650425
357277
381317
453783
426530
896908
492425
513164
787795
481326
643990
304816
876305
419255
33295
841328
216648
465756
109199
29675
827335
265666
227587
59801
127360
263108
876079
749638
815374
597052
896897
791042
747208
318097
460672
38546
567922
344744
48548
151046
162544
320482
150618
613832
76862
703729
839292
741084
895313
686540
669157
377268
168308
985137
703120
346890
609148
524783
683836
22810
553370
362954
640076
16212
271329
83400
921784
945357
703493
116166
196737
342623
96548
569106
497456
133806
870294
476575
947621
241433
632107
101948
930778
279985
7505
49246
768349
85370
595163
596505
752426
798218
916366
808520
171268
775839
377388
14250
627308
674448
151841
521383
412704
472327
682281
329310
117361
654228
11180
983853
10663
211453
260287
436453
124665
20292
998714
732894
708461
285413
348594
317181
216024
401334
10206
212564
503085
35893
79695
521489
567868
534719
813596
617474
390335
963637
807685
908155
320252
492340
617571
737717
758513
812379
398056
807804
172085
75733
680419
821509
672459
127862
614051
583524
323316
756090
29398
88227
831638
921014
694761
752189
223815
829786
407918
525402
33286
607671
356848
304072
899532
166318
615023
943136
169796
960383
633876
105412
652134
408293
873224
787556
820993
823642
778406
985857
181004
608347
537185
614062
797038
547337
978026
817935
645492
515453
467048
186609
572043
980963
347672
974818
75206
744454
822914
883773
395171
173445
301883
897957
412250
622652
376129
302237
785566
911087
759582
736638
628964
542416
42370
327925
788282
444208
969373
808058
572342
74805
713032
826059
507155
495083
418948
995886
735755
765051
701073
563483
339567
252291
88096
187892
559431
266239
58452
462350
924697
842265
642012
795429
526362
994861
671747
671439
213985
563745
652428
269912
414905
392694
205429
292314
470727
769032
12863
938761
517757
100547
804993
173072
782028
722458
540570
431363
961015
341283
273514
579160
487442
545630
89337
893269
856814
6695
628198
226809
386932
614195
588185
780895
492272
377140
588538
398027
273854
521776
105843
298471
406625
518693
920566
874892
674925
753029
980777
375487
818230
120201
372164
624973
462677
394598
770300
12598
766101
802268
270658
295285
180539
706284
847628
355180
604806
607900
776605
462298
436914
472045
931606
594818
853665
145864
54392
935315
491108
183494
525370
259459
401497
301777
619933
757986
545167
321386
192454
164467
623488
877687
67483
837242
498896
984429
638800
121950
365481
853564
209616
417048
861756
240795
883644
413682
447637
338989
475002
355142
640428
472286
743524
350718
438649
924210
562532
329101
429486
921076
669069
567733
644397
89302
276455
287440
109752
329918
349934
957936
277406
64724
926350
602009
693307
916955
712011
636613
290235
472727
690629
228566
823470
644227
832401
464708
827717
705603
662566
232937
191616
437176
32963
1911
156199
93572
800962
176862
512395
236829
842332
546841
587042
940481
495354
666050
169292
492268
772060
639500
551673
136580
410644
580285
538340
680417
202694
641932
506856
783812
294843
710692
220934
880086
241738
860877
555564
810035
331707
194562
228854
826470
673960
545446
143463
509312
610266
129705
121118
53236
382599
852397
608592
775691
506755
934586
755910
470555
468066
545269
739768
416487
349073
742588
161385
687184
485133
544422
691245
666200
596075
262862
359646
203233
767432
114308
92929
360367
993219
332236
210147
627629
832583
106875
646582
186158
286056
926380
376051
959529
59694
112977
414288
671953
873537
243685
652932
155212
121794
205660
888693
447879
363803
197461
122897
606259
301608
362084
340124
374099
202877
695960
812082
935391
28485
673409
640690
168922
433239
909014
925168
726173
274597
255648
229382
203785
697556
94241
42601
848621
991101
653719
545544
560359
499323
512710
687741
37287
181457
621479
736770
221757
454845
479545
319436
847939
263271
82971
691549
367920
550973
428949
205354
571157
229169
642183
615744
628594
188936
158180
509951
501417
757891
667765
121687
489313
56398
961197
337600
2169
876671
620708
593322
888769
307837
59168
317985
373125
530686
999313
658090
680778
909978
363050
299499
444144
18560
427266
460800
127592
408928
582161
704001
450679
882761
866648
515713
786271
939555
960556
8934
739897
263328
89338
592191
526223
342215
60344
520886
408480
904008
593989
712485
618591
456965
78796
727613
204714
733003
772927
987310
909374
438919
346866
839088
507709
175159
663334
886103
84815
863810
540556
227171
90558
186033
755380
622831
307340
95455
824284
618135
753065
805560
304121
952778
163460
698799
849145
694953
298256
874035
345169
480802
917684
589092
138051
943443
82570
393214
961644
816378
723755
458210
358641
629392
257342
752894
61220
780025
657368
25710
765602
687647
626832
973639
112548
394437
215574
545816
13350
279299
883581
790066
498281
589297
660976
943166
818821
775540
120687
781044
464979
891145
731012
855053
365699
848811
458554
142847
382408
926199
108261
668704
753688
544789
951004
28518
124892
155167
335159
780927
324634
664818
923967
123467
726158
126516
689466
319307
150311
301342
523872
643036
165782
826011
773613
820663
218223
631650
856720
451569
653603
508526
613596
645006
660093
225098
800074
91342
432827
765647
854570
748533
284230
605641
942790
455317
715312
89508
812915
34902
445029
601267
859798
926687
941230
523152
374620
71159
538668
159798
445057
983511
128563
9621
562946
176707
662222
735411
763442
279113
471814
374513
405202
165000
875348
282340
587211
176717
284463
804876
748644
986617
370406
927044
303659
836445
747907
381416
348560
821519
320305
833076
218399
390267
19237
424361
264330
800231
993717
47003
585639
249398
401553
740625
947704
281321
834852
885490
220226
121606
702851
938523
652221
148759
823688
191164
533227
486488
966410
190925
572109
356425
821069
82790
37430
886386
393466
473387
817570
754680
660134
136763
245104
795369
260141
188856
431614
262505
507157
846527
366241
815454
810741
179131
93923
85663
685968
868101
580751
604477
167139
91124
862537
41935
421084
655273
48420
605434
915338
945951
675790
263331
20064
690270
128989
382443
915272
299965
87339
725252
366060
887114
406174
695205
608160
555460
120443
354023
940290
886583
151359
543651
90420
711459
224309
753390
629094
395307
704889
946590
734409
703082
307335
924088
207209
794545
808490
263416
550685
69924
271040
137209
94619
735111
182430
122365
37227
576660
814755
555737
764471
752960
96684
949087
775138
688676
339403
296655
775331
532705
983188
869314
479684
923636
910927
852121
479070
706219
933532
581329
492683
92139
512315
805372
166951
323394
141262
302862
504003
216807
987639
648203
336670
962576
504671
158081
639538
506583
79272
543263
977102
982880
570789
900194
503904
89601
252002
994318
719242
423785
344200
340194
447257
139444
289814
342245
239175
422752
365740
656711
662771
425961
629701
366431
967744
81761
112147
645631
157916
888299
125431
602711
551521
120380
384900
371873
670148
794349
22652
643522
311098
275497
146213
6322
543573
699965
358670
422108
152194
121219
532157
56666
913369
73335
78206
933187
104250
247544
9591
907053
697467
932791
734661
729451
347917
426490
297008
819899
232412
16669
485266
213971
667887
110680
357396
888720
783632
37428
780966
269954
978435
452755
469547
617830
366792
825254
560269
287320
18062
476863
428399
534793
967929
234131
955792
585825
359686
118923
438571
617850
8238
608552
957789
346552
485884
706160
485376
145779
940369
660305
717037
909115
636091
770991
117612
520989
544352
273495
974876
94506
392296
76492
946223
810147
340366
69017
125997
821700
571108
485583
902886
916893
816049
578582
424489
317846
180515
426347
56184
791030
885089
406837
802927
137942
25231
391246
404243
859957
675620
808991
18518
567652
914863
72033
697645
890586
354497
361675
767498
552446
669559
898140
50814
97100
755617
835584
183346
351111
961149
260496
338974
125825
576051
613194
926607
513731
712028
132202
503048
928107
784221
432913
843676
572404
468110
984308
205060
112779
53618
895569
686193
17053
242372
516139
122578
639735
767428
612754
811513
756529
656405
849118
163924
549426
179716
445009
448322
833128
346851
223397
608756
521897
41162
801899
66663
248868
786659
460857
186653
401195
395346
78736
119829
457807
803588
83102
516930
892058
12741
454638
178833
146672
241123
174823
895947
109617
654464
658308
892283
9488
689599
512097
856938
121599
307871
139712
206152
577168
563634
486000
965639
745455
275696
313050
795666
178858
74068
414501
382688
806094
221289
352231
97977
691120
610000
237003
726522
897351
603415
591676
898761
463169
859563
923058
54749
909330
266043
645461
943004
819999
501579
514986
925632
62803
866036
211571
627488
382867
990182
524762
964026
353137
588742
438472
84186
629303
818453
880888
439877
5047
713903
83442
741611
545926
252969
653610
628245
228395
921876
422878
945590
347874
304441
763394
235640
83451
435948
923492
614986
565452
988773
89991
311847
734031
918162
18618
430693
932198
256202
420983
414566
442477
165889
863036
55233
891310
419977
627302
293836
84077
21274
881359
653407
56875
164174
891263
992251
682290
863389
995955
869433
228212
982317
458186
313892
371840
558102
223344
611013
734263
42034
737091
486798
306304
210624
264759
319775
470641
861483
358555
818774
894152
301379
924
895691
682845
476652
606118
701393
672146
247018
73744
217261
314014
376417
641602
597005
878718
186866
181489
216402
940936
904527
678968
29738
602569
618104
453777
823723
442795
998198
441989
668098
375707
186892
788197
205023
713770
755479
324783
241231
839972
683959
166604
646045
994430
820277
656105
707274
749816
483746
399146
479042
862380
28597
37710
482871
270740
988505
958840
544230
907622
42284
143277
553751
651043
375053
939090
636288
215285
110084
652140
128132
313039
61357
926499
981120
159094
585128
81972
226699
136644
893092
882245
205364
756931
916744
69121
720325
249362
469289
172931
709218
672973
794972
473947
519918
361690
670450
362432
920273
558592
123221
952283
942556
151868
828095
672931
286772
353350
190058
567771
71550
379377
485961
87529
453026
142633
721255
915493
971984
862768
903120
483531
41390
796055
806357
488389
405879
190159
513873
386460
131805
256164
368682
264637
577060
321173
152521
529629
780975
961664
225092
28165
905449
103125
500049
59641
878462
449536
397585
739973
730092
325081
77705
746172
450222
828786
951392
79321
79079
28382
697858
326013
322646
700185
274492
979000
825958
811443
772641
374503
651959
251782
764955
34545
512804
718173
662166
136816
67052
516042
573873
512492
24559
193143
517994
407597
681134
415406
119132
596727
27475
481761
868609
590473
445648
909442
183019
49478
653281
756980
948381
109534
519941
173765
834255
736421
387215
513468
539643
486023
356440
219969
616660
82129
799601
758531
914093
63680
476953
691461
692865
139858
745545
918043
767844
345275
589606
790671
390209
193654
810872
589407
856683
433675
411601
338928
616080
260235
613998
591060
919617
1896
854252
359062
498037
778600
770966
859356
241566
761490
58629
755772
443235
316214
388615
436702
25970
691066
76409
916048
822414
779107
391300
640193
193429
687671
876717
485878
9014
322732
596163
297723
413314
308007
156726
355733
561951
224270
762756
153149
148487
724845
230193
587208
464151
371082
890980
773353
238452
818977
597245
964800
906941
502942
367715
5409
84351
539361
618364
509189
651196
216730
562612
127483
232106
923210
62432
318815
99573
931446
710838
852004
298115
126752
114948
524284
837916
582970
157902
431696
268514
637616
243707
259332
354288
636529
940010
252733
248964
566101
737998
333876
595152
785624
708464
18563
771330
261351
479420
398301
593475
165000
311003
447126
536337
408714
209379
216670
620226
889849
341261
897368
851179
20361
701866
525600
341508
286461
331900
866233
172146
280517
601285
103289
878469
750537
981880
552445
752522
610325
995779
688244
148998
372531
840679
60761
833575
529689
158417
758421
924133
481587
700852
647573
393835
677936
926441
485793
92823
293517
46458
752935
146040
65899
569749
29909
615468
552413
27092
131177
586245
846396
442334
938863
192248
923484
992302
370256
260966
214230
292392
859143
372494
922362
989218
335514
646202
269231
526035
177151
981590
706143
630929
406377
603549
137027
27850
324278
792977
151282
509071
692090
465988
903021
513641
494034
949853
770728
58679
221593
577231
610018
744090
913152
587856
602598
622978
291545
414365
255633
890532
824546
412773
39271
910417
419974
765149
890813
668491
879939
467334
989414
337492
323646
192069
450565
94069
127488
195018
377894
101925
283261
849449
145661
171597
220342
808332
89373
916704
89058
370852
174122
651874
791928
127809
208707
523876
936565
473878
920068
16901
991673
813259
741427
477794
169956
354721
710976
899198
428715
200814
894775
923997
982914
809920
785094
536254
382114
648426
991629
833149
921177
94432
907856
813665
593921
471513
193159
843414
790353
750198
976391
939525
737962
136966
965002
901526
450000
562235
908998
66062
261666
222121
128481
38461
640719
678838
596238
871596
121064
733714
423521
632656
342314
460698
918326
694604
77225
367197
565710
810453
543389
439125
319443
730015
441247
744055
30753
771902
220305
39093
702875
487772
776732
272748
495645
354161
317795
47357
216766
843768
700134
777433
167459
567868
259293
316784
335263
788844
579715
248393
937139
533905
991114
700406
107293
878314
995482
699660
140580
960126
484893
518482
449723
21572
262419
938779
99517
61945
263401
247190
513517
324944
773870
977933
286675
447535
342085
213666
729620
308454
90535
98359
80738
365960
108700
404890
471334
66464
337486
989050
657457
951570
11608
486807
497540
895304
866686
42634
96863
149303
362811
286947
976798
787107
936325
602604
356035
250174
525160
452420
565959
595854
805893
338924
862882
257750
559436
216613
181990
120810
281717
960859
353051
169058
456311
71584
629181
511259
631875
357727
338175
840388
626824
263705
43748
988533
483859
251361
758747
248499
779514
236226
122363
602480
304477
298257
392200
44808
823667
834323
605594
334148
208179
517530
366328
221661
176955
740537
55291
23922
71894
982126
127008
674780
339184
765013
864651
406352
286181
299480
45086
183516
215707
311371
756359
598180
555019
388119
172054
354993
641387
549159
856050
47656
224257
353165
371592
697347
942240
927970
787787
727157
521366
263210
759664
990152
858891
98847
548155
966026
439945
175905
72074
411372
327256
174276
39359
424490
498588
375910
597579
335652
611487
544962
537609
956897
540805
894462
980969
537993
616911
989289
434093
735763
448445
29253
605835
709786
377703
957916
589273
231782
522687
82824
385387
133489
521215
44561
825116
994845
1942
55180
566265
852470
857983
36176
514290
240252
125240
783961
56261
63260
402118
413378
681674
198332
518363
152079
427402
121937
146233
693051
89502
310999
502257
802289
562525
194129
232663
245799
647295
100428
242799
108286
238458
739948
341934
378876
753964
724174
315234
458082
884313
844859
464656
435579
156084
363004
831584
507838
391059
824320
798299
924510
3094
266267
959721
90979
195127
458045
942312
585333
972537
579760
647946
533556
124212
287136
758509
800491
9812
200787
727258
724007
231288
513028
662508
395251
533140
634844
226501
969839
626783
789454
718770
521736
793701
624466
750303
994512
614496
323813
312289
842556
845295
269654
206362
24618
833439
681360
558520
756042
452737
251012
855158
483378
479932
748060
932710
880021
163133
123450
957529
805204
980843
536768
660690
341785
368040
791629
364768
631111
804912
523726
113123
129268
611386
841017
49915
96508
114208
633243
861790
448731
296986
342054
718801
835341
669008
823512
486223
499164
547372
218410
113965
594833
845947
57973
576733
622440
303247
363494
761681
85596
704995
762207
744555
308732
286895
404155
54205
300533
381281
834275
127850
260600
372214
382132
367806
179689
22714
851681
347301
627045
481453
23154
839807
408202
886804
278752
513292
439216
573499
724618
180744
827642
60772
732233
975504
244822
491735
960872
47116
276175
825236
206678
190156
821667
699613
347160
514582
117818
538938
432112
636298
535702
877285
893104
8073
851217
484827
391748
595291
513572
132926
89321
404496
206735
820826
234986
608042
766188
764281
959809
947676
309873
120548
4720
438115
852891
210010
823647
874440
274211
761064
904905
63535
883338
316231
271313
357711
938752
546921
984306
562869
124437
690509
549329
292460
734217
281805
20378
265037
830368
602571
996714
898659
882987
844412
459324
833321
259516
706641
798971
452282
832805
343458
68091
39500
794270
397216
32091
345317
766221
655905
763618
355897
518419
466489
467990
756735
622939
75677
463756
379977
104786
533426
290740
663469
258966
655190
92105
622341
851676
278816
277096
881094
644321
35864
474412
137582
960968
596977
702047
809219
791987
989393
222215
42496
29035
892181
987877
748472
304354
950048
207706
371782
478952
625806
196072
887767
277642
988153
129464
139310
523285
840936
845683
94481
650837
594965
107062
803782
538400
714833
172313
145067
855785
632100
737581
421232
43045
454126
752386
124527
735653
232655
444008
990420
66773
705743
415095
165970
642435
828395
284635
384974
105317
512996
370001
973728
369205
48525
872046
368349
908139
171092
932857
799310
939746
666790
977898
328054
47773
682832
629869
642391
495494
819421
117429
753676
146702
946717
116748
801429
297088
594805
837966
413164
754004
264110
871082
768012
889706
445672
881062
364601
104316
320922
110049
325757
341191
282773
261448
45604
502482
85349
629591
171178
638515
815110
421209
104535
320283
722469
257687
798393
422123
58045
786212
893363
642449
837307
901900
364054
810050
437440
333679
513534
961602
973714
764576
984258
1276
740717
845172
754787
265300
49891
80312
538254
822223
653291
152261
47260
179309
499358
878941
942715
551409
121747
718983
300166
132131
574889
770088
890762
378030
482115
231028
492402
410857
302737
374992
763866
242637
64923
418074
504234
401989
194925
58989
201465
200814
556323
898095
603860
553296
309458
943893
937588
17199
345531
232709
235062
364338
787670
207975
941109
688320
154187
919425
910400
442579
608721
192631
876284
765442
980110
696066
604926
483560
532394
771372
460502
946724
126345
517164
1171
103683
784580
402548
839141
613381
833929
881351
20826
705401
159570
277571
533197
824230
350214
691056
883166
93527
617699
198753
629399
896979
392771
708949
210275
557598
508285
65195
276505
447508
419739
376077
86949
210426
37529
639214
888394
304825
869927
440721
909056
325964
346083
639392
692713
492485
312069
621126
685193
650677
92556
544143
437560
98617
91338
318697
815474
583357
245683
557729
285372
163248
704560
267327
464460
616589
612904
203461
116038
523150
858587
977582
598981
525930
43155
771845
883504
662818
119871
53730
451458
134466
497441
687649
995567
997832
896155
692489
90875
994605
734526
161195
281669
696260
916578
200800
726935
909599
839791
297251
406089
343675
785601
424704
990062
506233
911944
94051
19379
561824
961424
477062
495835
57409
342514
28009
189094
162022
406482
280913
180500
835891
274749
886621
517578
198137
199283
689662
678450
472379
889353
688218
753431
284053
593299
123642
155640
265829
389541
710909
375591
455169
869366
914828
327158
457619
750285
92091
482365
127122
693190
516038
946003
850164
608172
978190
27070
331122
351431
992843
895051
358167
603523
95739
705625
135475
48990
336824
63479
43460
840435
75820
860103
230253
997351
391727
528149
98797
641489
545502
159889
963530
151477
564278
78430
153887
510062
966476
371550
853245
751687
440980
461998
91575
830739
346427
672736
505140
718160
153140
767778
506450
838618
268796
74141
739435
719761
906779
736156
795163
588460
721657
36563
183434
373859
627206
719489
976849
214252
823661
592999
267223
901650
729076
917001
920291
607764
180514
454886
696810
576011
136138
423815
256850
433682
701361
557785
847684
552506
266699
575812
704990
629976
967570
37384
756425
967885
18331
462227
763310
235519
344809
802271
133836
220906
777160
814620
44008
97399
568482
450635
955124
372625
399495
198998
749588
626987
713598
31464
484770
531392
89390
744162
932869
610370
566370
515809
599104
747627
562687
402498
110118
55073
169742
531325
332355
896912
217649
940263
550739
662283
611214
664055
482007
31747
988198
616645
276859
635492
738956
457999
190684
271222
426582
994295
667083
521632
259755
598881
691915
275880
706129
52547
934389
875854
380219
90272
242477
836592
598443
531022
84995
722800
892194
992114
987799
572642
455012
467702
1879
453873
529846
70223
963275
572603
148096
73130
414587
196863
251761
127861
399445
934341
249472
953770
879526
160067
174609
725406
898687
681528
553458
808572
617912
252401
634223
1568
938535
243679
216808
170858
515907
286649
717358
248916
37261
569421
857957
684323
676361
687059
403286
722297
257606
532283
86434
536986
173345
138238
441826
944704
607090
194184
418499
506684
866484
961075
726940
648658
725450
49325
439837
78062
551217
203029
781851
926251
239487
967075
602018
218548
973918
613906
70227
343604
80932
489598
777165
561765
926277
723648
26371
610533
653622
242342
829851
289896
593631
300810
148413
870283
298376
479998
719908
950102
386136
655567
538617
350692
540776
378284
975919
322971
577539
861477
588544
161495
939576
295638
799590
583330
2547
367550
870635
139447
798226
719667
409852
310441
186488
651549
232294
231796
431965
271858
294282
938859
705187
14339
963252
284053
337694
358706
963767
55775
360997
562749
368406
102044
271766
461983
699112
412260
528862
782800
236023
213663
133591
329620
141123
979961
620648
283192
129198
309730
651895
586069
45653
127428
468065
840129
32214
80943
711970
978265
528612
14026
26527
136652
786664
852950
976639
874764
456187
565691
898199
124338
747123
543949
659587
495574
543928
981377
580115
719778
891971
237319
264316
544300
970757
257596
685332
794594
132646
980165
557840
983131
471592
383961
107743
839480
152709
43920
452071
690856
269267
253325
753443
446196
477369
872646
87057
976047
164873
464199
358951
114995
826888
499271
559537
820112
887476
640494
798924
205216
88556
980060
877254
262565
917586
666209
486668
373271
670484
667691
592044
79563
198680
570968
505607
655987
90307
201515
51457
461066
255511
810013
595867
202696
612321
232188
470526
768838
71425
328975
535492
374019
320277
316674
666842
793111
204586
12749
12856
836511
87099
503848
699611
687456
837436
299195
962697
509152
275049
218524
351269
222532
47841
295764
825179
474475
848113
96498
430218
559391
306880
867086
97745
564529
171057
358435
411516
10232
314928
675457
239690
721151
799183
956123
403370
671308
464230
425817
277938
417789
153019
679174
993019
411348
820749
711909
487778
265635
625264
254278
954706
525581
761217
792435
599834
494187
398899
375738
845038
199593
595320
996481
475035
231987
776908
421675
127453
758378
47864
396658
912729
182071
383915
734232
609375
660797
837972
958866
368242
480328
837236
390858
202602
805065
216860
384786
407474
365548
678007
407408
728479
334453
402243
137474
495824
711340
922988
231830
83443
113232
566725
706576
231232
356118
256111
174265
445826
864314
815689
94929
317413
388251
884199
509617
231603
284646
371164
66856
147379
563368
89802
519615
819474
327063
117555
823564
556227
676734
94646
97667
25691
878142
954868
301456
42388
302095
370065
254432
67141
56625
736115
384921
724621
284676
303267
790206
618278
357983
69565
653082
568266
155225
255240
30174
813657
613819
831301
484954
61381
757147
23125
752857
967016
497898
309447
887856
966656
759777
330082
498831
675833
603545
237531
895998
809774
479935
508402
296006
859872
661227
351297
240812
550953
295865
884977
829829
155560
448736
806146
516753
192110
984940
309222
40870
723522
45920
369112
171215
799375
88593
436356
676771
792985
372589
919888
574571
904489
450659
675023
665936
435110
960665
1402
962835
968290
182147
775172
245116
555491
254172
246551
891993
998183
656768
424796
561705
331834
75434
214165
18464
140954
518914
2562
749147
460076
178678
413107
533542
676834
299705
419516
273247
58433
539590
45168
57815
961498
972513
75462
873815
583237
512417
770765
223570
979703
305850
691297
845196
52071
558919
515265
842530
520310
367273
809509
77277
516434
937969
538384
889517
552571
260195
264610
473706
160014
313579
571891
202040
801437
619396
491703
294222
459253
826780
778483
894306
944538
222779
915862
558650
989171
758835
458765
781325
398968
133302
895576
804083
370405
703760
634302
165027
303976
895499
661426
775879
848232
678235
299314
688574
932785
588894
521901
446676
707605
37801
710933
160739
982128
741153
562517
21378
489975
6177
877033
926325
583729
449693
267519
636753
891782
922279
321666
436035
392610
458824
758697
729890
574142
551497
171544
78596
691406
687229
628569
626118
525558
953847
462344
963110
336761
646794
387390
272462
475917
783285
381024
952194
929431
283269
463607
853451
66873
229503
554690
980425
787000
990225
882559
887856
324840
83470
250229
48294
819281
848275
596562
156721
678674
101790
135517
347839
266509
313302
187595
538750
766922
13424
380415
447240
990829
647001
205319
78412
28875
649830
724413
157397
461390
424590
253341
961968
523209
463258
731448
569736
779849
597727
577826
281171
552434
647915
581468
640576
164352
612417
721202
211160
420000
179245
931412
376195
91967
979668
275149
913179
595565
448499
270245
633825
539702
944388
889597
313817
680483
672283
326962
270523
239476
449642
181215
153116
947656
1636
650777
416884
929056
365890
583151
904972
671700
886805
388233
905197
940305
950705
952461
42028
726643
223602
125233
563006
633711
174766
734546
414636
971819
278130
618227
370855
210014
177696
570893
126686
578923
978900
496718
286202
924185
546822
556505
633448
205111
396135
865012
621623
489225
82258
459753
90599
239138
733185
421863
748
102110
465782
870245
304302
846301
934354
756886
75329
254199
735127
903390
695551
945181
719232
928991
62524
504504
384528
843525
284632
800730
992524
331177
399163
775348
203080
566719
330083
946092
555917
816053
437033
255533
185511
749314
243723
102807
977420
169517
430576
261618
909640
397161
534841
111852
536981
247507
102454
320340
31151
333728
114908
79062
819654
613939
268472
663083
22880
523447
372053
804133
646561
487206
327823
706509
956247
201041
558745
295514
456567
501426
598418
814529
790768
919583
473248
575557
285808
78701
398107
770825
74680
669284
42329
891356
951427
112941
364223
643200
876803
125879
423954
547211
362017
456408
921908
194177
157311
281268
350844
939825
675600
999890
517564
78570
348940
411422
913537
819753
26861
905352
573596
875462
537728
925801
915647
261750
140120
171972
969227
683572
438595
572628
588458
71248
362241
523822
122027
882207
161331
149889
727247
195883
443158
806653
758512
465193
927120
891815
58406
92474
513815
889229
921307
262114
109399
823558
374553
366271
685955
265001
814248
188336
820176
529770
649561
356377
284117
34800
24113
452398
982490
755180
560061
756306
627834
80912
940975
992355
436372
140953
337912
276889
287886
779802
612329
549622
146789
497628
150963
505224
962500
19450
477576
572451
922408
761770
290061
743432
842772
15650
46978
114953
395737
37531
196849
320948
200645
835811
328358
335098
785016
132315
12974
174712
294812
740902
858677
8247
696201
682053
809982
915731
960684
752376
60374
241733
311501
371790
313453
855786
89849
718673
645321
197064
356717
900695
782229
215699
270372
306055
96757
659721
750511
480170
382404
412495
786437
990505
791552
952284
722226
872393
471405
923490
885221
205956
975091
271393
119639
639055
289281
956154
904500
453999
524536
9
106942
846678
30387
575002
451147
570543
59453
391821
175325
415169
657199
224613
524829
333878
397565
534702
262373
907815
263769
266597
62486
605485
43901
128791
38243
8961
920302
494806
696831
979074
696946
496031
114068
796851
516726
51867
981184
883037
5436
319425
369743
99430
272407
766243
604243
365088
233080
186458
309738
903797
298532
47920
883562
667115
527803
123579
804675
39455
8622
591126
923861
420135
57671
250193
359492
837989
36141
749224
627063
455313
489651
203293
282124
667011
169418
4659
983757
846337
354292
928658
903642
996676
740510
382213
972314
973962
430898
156324
104066
257091
627043
730105
62500
715262
732370
877464
559409
224558
240635
222404
496162
86288
547149
131745
352480
833137
172657
774545
550146
377998
182813
85380
945782
864090
392973
858291
150023
514037
87485
406098
259321
431224
189129
496822
698549
946646
477577
832735
321493
542060
876225
174536
614774
890909
767415
790921
298846
29050
223916
687746
896002
910560
973584
723610
679398
610101
930343
501946
790222
554566
15753
656648
810842
594854
510090
805637
760145
310764
373965
82332
120004
293841
789414
457356
860842
527015
458928
781727
425431
331772
59144
53392
315427
329961
344565
332032
461484
888473
381799
718176
982868
256958
569902
348655
922162
597906
600647
740446
236733
77877
485994
282833
167455
352150
589504
96796
585213
157409
571806
308448
132837
588121
317072
633300
220425
142606
367634
762383
335133
429457
531994
311719
821475
288609
859649
436521
574762
37266
188119
572339
834140
112840
637870
418431
125467
64993
762386
694301
61475
385410
298565
574345
176437
847351
384881
257853
341973
904791
600172
196785
409151
816576
95940
814886
225593
826937
688679
606172
568932
613164
146623
192160
588170
980909
532804
578443
484363
783264
347248
274772
118179
122295
687583
655002
432394
301769
567028
448545
147803
716591
307043
269214
330647
557148
16529
101813
970698
696334
192564
877431
210899
372026
850456
64579
550156
42303
962153
248780
149905
759198
59597
544312
699085
290533
3942
554235
250287
886774
514407
293218
104253
682055
715988
29874
660104
515122
222792
257004
277334
904534
827712
423846
620231
268446
669240
582362
866074
574861
751568
522625
525598
213345
450623
14250
204351
695536
745002
454088
577460
342956
609329
742515
212450
108966
70854
310503
249730
487799
790831
22184
873000
878780
888588
80447
998310
521419
24288
261240
851659
853506
825388
542794
498168
871247
44245
26836
1733
465901
58215
567956
864938
783429
238312
65055
127668
203041
556078
30043
860709
771204
557814
381791
940655
19269
253263
571935
695577
234839
868023
445981
960617
660432
426405
45924
486346
608562
508068
847961
825279
389786
176692
53493
774540
129867
680026
512630
792407
209207
810597
352204
911646
826083
684045
694919
898044
776049
748650
918081
607868
512431
472698
768918
31009
287638
531336
727513
992180
499999
51121
322274
249188
589360
503119
138306
193924
718187
256940
707940
849908
106479
648190
159002
258340
188376
516580
747042
517405
567042
161943
62853
416138
470737
826727
238163
972771
373124
785185
642502
677185
626676
293305
60431
456374
559427
501980
29877
246757
823432
371731
415682
248565
612856
960893
52044
258185
110975
717278
711145
938657
87312
636966
40595
831392
814755
271765
81324
168790
974269
491169
622028
23246
991181
642211
715820
789478
399090
934384
989664
347460
957166
163096
654760
262820
836972
411830
831711
342140
668165
740134
619076
294138
748659
58303
244181
847011
159409
315011
551275
901841
36816
992427
827179
938412
597083
969867
903129
165043
652514
632677
70709
998717
610165
699266
851537
659246
696625
709784
138021
776347
586429
68690
56040
950595
732901
247351
408620
578576
240485
898114
975971
299205
416290
675974
458682
847520
826669
639373
51831
648026
657575
478211
779741
233642
562131
706199
3767
502322
57605
111905
165845
167567
640517
538941
245565
781666
903074
657126
673991
527541
587927
986872
467675
975809
529125
177809
302291
410389
178181
580391
379100
79161
416561
483762
290355
25476
466447
426365
947493
886245
518358
401610
612985
298977
31347
297161
752107
452437
388437
859466
900251
114245
491695
37197
85977
196021
544798
776208
661104
685576
358407
499073
780564
450784
443415
219115
670712
759307
111824
388529
734821
418470
693040
102337
93322
63758
443135
391356
424153
713604
40518
625983
117850
536346
267348
203702
668546
447063
547164
952183
83520
364281
249560
77220
407217
193074
472690
232588
750964
931636
525695
929766
764603
999208
943920
786619
480363
781696
746905
812464
886747
392982
878295
370864
251490
578478
88562
261847
995932
833416
790336
66268
711405
755950
395134
874164
1913
996641
58838
132186
314930
275939
217308
582414
87551
793167
193610
524620
541148
661121
815395
124425
336662
523966
402359
296177
398684
587580
964830
202998
973545
457196
280026
70196
360565
907743
318084
964361
71018
331214
664500
806364
121582
303035
785362
184657
610805
918630
144866
338726
712606
183858
46559
752918
16251
438687
667529
983263
332991
904463
73147
598685
96833
711179
257367
895965
640482
357336
514386
877047
596956
436521
76621
648295
685088
817375
908660
254816
457799
44521
34013
286721
364812
822694
823263
655357
388353
88502
860715
661490
409353
403766
18645
524592
507972
951061
384155
337719
407859
555308
755056
485203
493956
277115
854395
26073
441487
488355
314732
285270
977437
65896
330671
84015
748126
950250
992869
136279
978356
324792
483102
614685
330664
784155
232418
812757
923761
34457
831331
366349
261876
57360
479871
460588
741623
476598
719738
131687
301305
411265
252045
249056
485927
704617
584801
985783
373599
494367
267935
936792
358297
700964
178359
864310
716485
133050
394687
61711
545170
536130
766980
630071
176705
976177
871985
713915
323165
712373
253426
454662
745924
743531
185900
846770
988357
11683
903933
138446
818480
701336
855856
636832
189717
70922
496404
386076
390629
909618
355311
458918
622364
660451
272732
944217
371613
785617
618662
508786
647397
113338
872323
260921
952158
263099
554902
94287
633714
931901
347064
925538
691594
388206
97659
218480
695954
505297
858507
601304
492180
8691
803620
13283
544604
328114
390699
828854
593078
500257
506087
350865
217857
364443
329366
869470
925142
928003
526951
67531
971597
692381
176764
313345
785780
85536
632049
6351
334653
766775
400049
425072
242836
702254
946812
244343
337169
56888
715704
556969
588614
3867
893674
431791
286743
334058
922875
244969
671884
251296
567465
865043
935221
513069
262517
469583
495364
530423
705679
677897
326594
979262
762095
263763
566468
544364
132765
878534
496077
437237
421226
267844
355272
817200
181922
820232
66197
385019
580894
621958
724460
735829
243199
115166
475731
120803
155300
751897
365505
946776
724787
626081
868370
209892
164053
124521
792185
352209
306215
953336
133192
124858
159645
81714
628438
104799
967811
216080
656685
771358
207746
12057
377805
215727
789352
949035
389518
725115
798002
332633
654199
42826
211862
623039
201865
637830
497991
546857
692269
635391
664555
691991
866123
62017
726149
549417
871590
683520
267547
145098
937615
992647
37180
55068
145756
28663
298167
827238
908160
262932
198940
747364
777365
969438
486227
285487
419452
846137
115116
548575
588297
385841
980235
462996
135828
295057
259477
843558
481644
370266
402460
493707
804684
304703
342810
995188
643124
427104
577585
173773
715881
949963
582251
927989
26524
180815
213831
495486
25601
178633
206894
954785
447292
469256
44388
750177
936658
488500
644667
918921
557752
528977
93305
966843
284694
940048
714442
127424
632816
152600
112729
215955
568459
980656
430101
338897
313100
339575
397392
586607
7809
918683
966588
401194
238276
606250
74912
935107
27326
970137
299517
838010
397328
317159
423396
88526
471080
965130
486096
574640
180876
216295
472290
646935
945313
813511
977061
648518
182927
772434
6853
809420
591081
758904
374904
945842
500821
475211
636807
718995
405912
774013
646169
819811
825627
398856
196305
272372
528971
166341
726997
781687
612948
105364
7355
178608
28913
319138
71649
65362
645237
247444
655815
526421
301487
158594
654798
538159
372724
827513
320753
799778
660234
65941
288774
314878
944753
786050
789235
4671
384355
353029
258691
190473
539240
681568
625807
688540
883445
210908
694698
598505
719314
139477
783980
724056
660532
336295
589534
201501
844658
794371
271124
436834
613487
339259
923748
754683
832515
504412
16938
630726
176465
538279
438717
86723
931868
626808
790167
555752
598864
141805
857111
867562
794925
758003
273812
404484
644933
304922
282258
319546
887749
943963
713161
680254
439089
439621
533019
806449
280989
929270
648129
252822
870324
637537
486855
230304
300470
287271
754870
141068
879843
542462
376882
751864
478072
844341
243267
690168
553923
844000
289840
140996
313949
247120
392012
903813
165909
487718
644447
887922
582041
382306
94206
258657
387372
474376
189173
972898
488189
292746
577440
750289
145119
822041
193604
134021
856470
856686
425413
560033
155666
518408
825432
90028
412099
865562
142933
35242
237979
809139
993521
397121
482841
810787
894995
587235
161996
744951
9362
962024
422685
820527
301421
159469
799134
51190
466102
867990
273075
874814
189496
611021
520282
477244
465593
113677
692206
956475
424895
259240
849591
788921
989849
578948
721839
369866
271150
460081
802535
223016
716800
700013
615143
231048
818598
990842
760890
403263
734143
362851
929981
894849
180095
402096
995650
55322
100584
810851
208483
336907
84914
940344
224159
733576
55685
869080
891277
342793
714497
390867
500153
777470
620569
599828
657070
629403
491687
926293
404995
486365
711636
613122
77321
438389
479631
802294
29702
465062
856557
828736
551726
86804
412742
695836
652647
393199
115123
338011
238355
836483
308348
487330
806980
296272
182984
300234
56028
889460
258073
618250
963215
725886
916824
361058
861264
920128
903437
845075
17104
357600
38427
754557
84295
673211
842375
163011
479291
623930
557638
235304
363870
32117
747706
453287
446538
228417
811341
838637
15843
882681
865472
170294
525672
573698
962189
866384
246802
754835
604128
394377
506627
829264
939990
775450
66686
626874
400926
808550
223417
224676
694559
589241
447248
120011
614347
554326
356814
813811
165752
108062
129830
360944
424142
93308
987234
28535
750222
142105
658657
103323
978428
881343
33506
726288
36972
488945
486168
118735
57063
375513
283699
466739
402114
583005
475576
234221
164337
427267
605889
825306
578231
805653
756953
465729
625300
238225
643997
695104
729249
963575
853739
88961
823925
148552
679242
839803
44491
881901
385074
49082
10403
883802
833393
375340
103057
400936
863736
817451
174014
586657
891223
240501
541170
974400
158833
405284
163089
673328
902640
873350
570812
208220
435875
302370
731907
531419
158724
838905
694148
296247
644846
923069
65820
33824
54236
423562
839457
435379
181679
105443
974363
468719
991470
161712
524020
530043
336904
559069
186595
864113
85065
218925
516918
265769
87416
112477
861433
961512
61509
52745
978328
861630
107865
902431
958892
975935
88003
77845
889560
739513
248035
201283
522989
88984
603605
727773
130295
771244
125166
156558
89399
353236
936239
724015
20754
131584
77320
938195
377210
99982
779129
627218
200263
253288
122075
425706
441963
166135
410319
541911
291114
105847
724243
644759
654292
530016
591979
444052
909865
402049
367943
751035
262321
245260
723412
189668
94947
932184
631786
178258
348149
142686
751781
387092
211972
261715
852835
490420
333550
721327
448894
853204
281744
457474
605967
264870
786371
75711
152572
95296
280491
522895
89875
124056
359832
332849
697781
328719
144251
66286
170779
351621
79281
809441
243276
172053
978744
891952
498815
569848
660996
228843
782809
61895
813920
156270
419864
255181
561923
402172
12831
730362
83190
455649
389205
190689
82052
44730
265412
261065
784261
682757
30185
808417
224607
406324
36343
853930
918606
544044
557806
615072
282367
468515
864482
938678
961396
631750
819489
23909
630766
923710
765161
365407
681282
948612
130796
268638
73628
528547
69573
939574
895552
89903
427528
536468
253996
223271
229939
516666
179181
972836
532508
374882
440786
402527
644740
91712
712025
485495
338147
755896
321002
360135
799040
358085
48730
751535
973195
441982
455728
718115
731012
250890
27703
349919
370678
926532
936878
678390
541399
524201
877272
962147
309650
537397
180040
502841
94598
298070
324741
77445
162625
720166
635944
974159
681463
466836
132706
600931
505540
514141
59932
107694
613228
281296
953462
329738
42970
714269
814880
761028
887067
255939
125373
787834
812626
104984
642605
753540
460510
59608
863402
614573
430431
923928
149131
952078
491563
576069
883302
744114
222900
632588
772331
581440
377062
267286
627491
825215
719498
889959
326790
837424
757746
277046
76479
361982
268090
946154
899286
467530
464121
645034
160359
904417
823119
472
957296
390569
632630
122575
734199
439178
810633
842857
866767
779057
132634
170868
427025
291647
901423
316904
772139
667085
834663
123859
423296
662284
153965
979199
265095
770648
329257
329558
826484
746051
281268
791337
307694
165598
133821
336396
970455
508728
508284
759603
139156
91760
200188
527328
718574
81977
570446
329644
892161
189974
553557
692787
959303
742749
719749
368770
290820
971483
224419
270248
697285
854992
452022
7060
582064
493459
917813
584970
121167
323282
947897
637979
776450
66341
162593
188285
759206
16804
899526
936011
388233
125507
181679
348027
80359
344102
596282
166846
187062
88472
919301
229714
394204
733669
85591
341303
361945
236914
650928
506262
163876
908546
255957
362580
207107
973708
738794
564083
514414
268634
301927
898495
175393
391214
223349
446171
474164
956913
9294
67939
964319
36999
54424
63941
83072
865647
24474
45005
475109
210056
506707
84447
542647
94616
258542
423296
932200
510325
43077
966318
380644
145067
436614
969337
477379
895657
921242
308131
865841
584699
255079
245270
350626
875475
709188
630493
618445
768991
72153
451698
902457
109082
734644
698363
343000
938310
374187
159385
605212
288610
799280
989277
389657
338785
71870
885616
513020
325482
387819
438615
230716
312847
950259
785072
930302
329054
125489
886352
209188
869033
56602
199587
690841
824097
265295
899803
118144
393383
50059
568677
342469
973060
924930
20063
366444
130400
21100
6823
943304
417382
986650
898838
982521
454629
722470
236421
815768
901069
408177
789400
985888
430152
394583
458845
575034
736507
763448
24072
837188
507948
930597
725717
68952
458208
253390
519130
27260
845634
123947
26245
933881
672246
592319
754023
800546
813361
228573
256112
410617
896089
474031
221456
172099
643692
655136
411836
485413
514150
462379
135828
616626
750406
22019
747160
842517
396100
157567
482117
189467
418326
572278
827531
821000
172122
208763
367791
159351
605914
33085
136677
883058
702367
769449
253471
570990
833625
773934
156694
805955
781149
89682
528227
33675
623946
424909
21813
486512
878217
309496
410481
728631
563414
985658
508549
603154
341980
727335
29963
560719
71121
350933
501725
893713
929517
683198
315329
582230
506838
38985
231540
653841
967309
947815
121269
955840
526803
762420
578903
174394
993323
439989
534587
123895
23130
920082
677716
951093
254907
29499
803538
689509
92243
582036
918089
65245
525651
649863
151898
985173
621543
607899
328659
402451
234145
644997
985316
750748
230646
785108
551621
215127
781108
639768
424808
43649
532429
850074
454398
380533
989708
476328
601271
565155
570315
682436
825164
2334
401050
814991
911387
202208
928801
776076
85892
899282
241851
199026
353018
935711
903368
501596
635510
507579
169932
694055
203030
42701
628799
788471
223812
835073
26500
667479
191118
912481
369099
963932
74004
712409
551109
87260
783109
881368
998367
8274
221805
3927
135596
578817
477172
403654
311390
560725
968596
554385
571066
91582
582325
141348
87452
618811
480559
48154
520680
977840
154804
410983
393528
742745
553697
487303
815767
720915
179204
122776
511783
250709
938928
128048
815337
782382
930124
262833
227728
633918
69973
588417
364629
155247
600181
888654
15704
607394
906033
199599
62020
508828
84411
534205
910423
749092
70688
766987
470288
716533
872511
598654
408919
280103
955570
327333
17172
438769
809834
670641
909331
674202
249890
254418
147499
761199
24211
442683
417343
308344
551442
227424
737266
788013
112806
92514
356918
509706
639714
278562
672550
518023
383938
885504
517989
276509
958398
594284
754878
833481
976036
784696
302265
839144
904641
353984
865190
492881
356127
805299
370526
78948
841321
659847
366227
273365
799133
202888
691379
274210
801587
8989
40401
124455
789588
866723
715546
308543
641680
352005
417008
99975
682037
412137
680406
541474
907712
457475
674100
223129
521955
341117
353188
23828
655726
169083
45185
983254
25760
153342
944586
491944
753167
650249
632675
951052
17057
901929
376937
623806
15342
801000
830125
503795
77851
225413
835184
593712
993078
51515
188540
766133
376915
645912
506730
267958
122425
267101
287666
515952
799543
122619
339047
741368
764701
578483
672174
815955
299629
236962
562177
269628
317654
772051
347213
814379
187367
183730
923825
550489
840952
586906
803038
525691
87260
408885
930799
444557
336185
411282
620457
131664
37274
376501
508336
712059
182152
916247
554192
183732
498980
642518
476453
333264
7816
942376
93230
532825
904987
190800
206307
290298
846257
253214
172469
164653
543460
553226
576021
86222
903231
29911
325233
511263
71804
344918
874401
774954
430303
403631
915794
681958
588998
533911
15979
849132
343112
685586
833381
348927
611075
319007
684669
642499
160617
882279
760554
441132
12759
49291
354360
896549
555829
682789
239055
768058
248547
1035
778532
264801
636132
554632
104050
703409
41263
667148
144695
549721
751250
351155
530994
190090
825528
256149
675447
503979
377422
156944
589216
744032
356047
646181
123433
53610
170663
783284
409604
86495
547575
357128
95037
863083
221509
705527
81159
206963
438251
177703
884109
681956
934531
284101
204940
572265
542450
770310
538460
901199
485455
51230
913085
472906
386987
13189
747015
792803
402035
985732
275580
28305
27344
848965
874648
833226
992695
757292
930074
243387
924232
819492
242651
656976
310862
741212
621226
465052
346435
977100
219629
638128
36853
797982
239199
106128
819638
293111
918926
63745
124026
115309
830268
282185
341029
371745
169966
598614
97365
848801
813623
741597
317390
921195
93594
601913
849618
162148
378708
672337
94053
615448
765822
474101
91253
874978
194258
805405
656882
589255
824598
877259
142061
545387
334719
160765
154112
376829
226697
843852
922025
202648
852645
972279
975881
399564
580675
779950
343143
479678
919844
141118
352170
614928
11549
446891
427746
176449
395386
690684
319698
111710
56739
869584
288649
722461
655807
408799
694732
111548
145222
776048
941357
767909
99796
816133
673498
725439
832915
193532
159082
191281
70072
2015
864454
97408
839095
127482
363722
120906
824115
220093
254347
744247
321984
104781
882309
391140
433612
680373
732539
26744
401243
102198
582097
829379
579907
277845
867543
134828
994762
664659
603214
729184
879742
330509
571310
701456
395616
424501
657514
891685
113001
591766
57319
95547
689592
392529
326449
94902
641008
912436
152324
251185
563864
634311
941246
300505
88727
55911
247420
373188
600892
223173
861687
291105
508404
560863
726021
482264
747196
847244
297996
348196
906649
705281
451264
692562
736439
348981
293096
566307
439576
581790
550999
934876
888984
344621
592451
295520
400290
577901
413263
782342
31923
389931
254114
157607
809517
116792
332323
444539
750068
869228
899736
176623
657682
534391
432705
39202
407393
949553
221183
719401
510470
460394
703326
666381
940338
928507
857932
440882
623217
941500
417455
363581
663077
842872
740684
461702
39540
390428
206434
125838
341849
960199
817932
211699
82142
943423
751886
990307
286148
346279
299080
139898
516823
420426
114963
379416
844499
422282
579948
866674
830921
121086
294717
296470
94937
370347
568349
780969
263391
566692
208969
932111
690125
307963
406014
64534
780468
45995
447191
768647
963476
822567
15369
259055
549728
373168
526845
99554
645722
763965
442097
797854
755139
796319
770723
793640
275630
899900
1736
254043
458027
169942
453117
641266
618169
588089
428498
766488
319129
144862
754696
604732
591395
220397
985926
158518
274968
538909
413062
454810
898447
715961
58373
865807
902664
666116
467238
221994
541141
153967
650071
298265
875202
723600
28746
405019
91928
801781
663271
279569
385281
368917
522838
260982
635257
919738
422602
544618
772179
767963
114824
656945
130812
781258
255571
35237
837649
298638
764652
719528
342323
474993
981698
980890
292024
901988
392614
184324
494147
671901
648858
360388
670662
533656
215533
978642
788352
763363
895147
305608
802810
605106
940108
204168
469713
148597
440809
916642
580737
115795
978369
794234
872710
527361
455940
484383
861137
955964
962814
241768
517732
397553
778707
950293
935176
163777
338163
213271
774117
767172
673872
420332
474034
982932
352948
165337
153783
321249
353877
449738
810155
311700
142504
715315
583957
597148
812211
983762
294846
551661
699569
330188
388338
606828
948114
928833
469386
2747
345570
876167
162260
577754
621282
524993
649654
886265
371432
472556
153621
680127
840784
797871
763794
114581
849599
624560
846463
71777
268436
522262
207505
282716
290216
367515
504986
11068
173718
948859
748043
528132
664186
200324
381338
179387
81781
797389
609864
746183
227832
647543
744545
71959
706021
192183
290278
28434
26219
833599
790909
816617
527105
583547
253691
769959
141428
533489
280651
49450
148972
894851
695144
7622
913133
219143
343075
723329
701932
605985
804118
742950
214015
683546
729592
912910
948533
376416
83914
802728
34210
913806
255782
766515
783539
774660
452009
215841
142109
772634
689959
434304
625394
897481
217313
922560
802342
5109
23563
348142
138153
712917
342374
389575
144224
604309
189314
858020
475642
969308
737144
832347
50047
631427
553866
250592
150539
383369
2270
637343
79198
859380
851021
233535
278476
348680
251731
320586
87215
310127
907347
962262
934526
38906
722176
876369
396022
41552
233743
179081
378157
924662
871412
701399
747646
648375
163565
739094
54091
468461
621287
859004
304783
72216
348095
461464
273972
229027
255593
482603
989555
950410
81051
789751
60866
193984
273179
257738
59564
404171
599471
847275
866772
138300
721269
67614
776154
128659
801630
796777
985376
517236
6440
689397
897479
544722
555856
34727
276030
158350
280251
177367
116956
720675
35931
291830
800852
274083
720505
631391
286857
128281
804918
883808
498754
908970
106033
353402
609970
173555
311178
375282
431107
572920
77109
288882
854227
435014
871457
827733
724366
315587
542809
908140
973919
715880
706842
689128
336830
585615
876480
898406
567009
443695
744192
690374
719421
291278
951983
987653
85770
18533
681063
259123
615282
326418
355262
306187
103430
524568
397618
263199
214771
466034
563320
786733
216557
91041
902969
459707
92239
443669
135444
92949
846539
724534
553290
210299
241283
923819
841731
385687
265902
228575
177172
121572
494140
371861
979345
503893
770856
166330
579261
752189
886497
536661
574549
679553
512782
344485
187247
190368
806693
344418
381648
457592
865617
274469
525120
41465
113988
453704
552636
81799
630358
541311
384111
500204
154146
871271
854579
843913
28034
150167
11839
935440
666671
212140
219699
564330
710072
51608
27946
668539
193594
296187
39592
68883
985191
32343
529495
580540
647910
336173
959493
199450
115221
389266
231976
910651
386510
782366
633301
195844
232645
523322
176639
359009
666109
581658
998037
488467
565017
374396
12629
445164
347943
935213
469806
409979
900629
646218
657450
538889
687838
640655
953466
375370
243850
258740
406111
390317
435996
268348
535527
809758
196476
236283
333248
793138
784162
440213
48171
226294
343938
572955
939651
802989
361085
767207
62531
87122
786445
392299
342613
426059
341772
320361
896441
403805
505482
288481
227543
806964
382266
699867
653314
822479
884456
668935
374184
587044
704163
372057
766224
276842
466815
838917
38900
468057
518176
230860
666074
996242
646687
150282
132572
447788
171415
794473
157317
261019
547730
823063
169347
650169
602477
478834
467048
590873
209988
118609
221554
871013
656758
33815
102046
505468
116334
503964
80097
933733
806660
153903
710792
431699
102599
535689
995263
908264
601547
217785
672316
687242
832634
905867
268229
920577
718659
618418
732508
636282
112606
79771
484180
655653
724788
611458
675841
685625
637429
800371
145281
740212
773466
61895
553544
304354
308948
885946
151971
845567
184176
491994
517418
217438
472589
807377
314671
572466
168977
922661
948270
482248
691198
397818
67162
771663
305361
408450
808222
959348
674929
995673
309721
551233
10253
525274
445634
4396
144283
677105
951171
749051
266367
291632
664062
915313
876038
58368
211604
239487
554739
617879
711838
975048
567542
632943
615435
786257
17107
594612
737203
13935
926409
146941
28589
723637
786693
938374
976178
224046
497008
193895
381100
742647
589202
182338
328599
713722
178296
462395
433045
473870
666299
109047
303523
365100
249234
747021
643979
628152
149408
93134
365072
729626
595002
713699
254993
838402
860075
829573
836249
40806
726004
470392
526526
320016
295946
120159
1680
341213
684261
412855
271823
990220
118804
542890
839894
544267
100116
936352
752414
428815
638912
68049
156813
189906
23116
137904
230640
12879
952391
61390
9403
309317
635319
97029
924629
951
765562
217472
849586
713958
2395
187748
976657
868651
620714
3568
766088
842622
314626
370965
854470
973122
506157
788274
952552
300912
607637
45121
940924
163747
539199
39771
939468
523042
583992
865857
281422
180093
498689
475353
360949
187658
808673
655878
304813
209604
803294
469608
392742
753469
942464
972333
530892
316540
563438
363634
738826
852686
904175
512686
410616
696759
260970
592238
1672
795111
528238
321733
62642
639024
36900
989123
178272
541828
80740
500430
906046
867816
461245
55544
524002
395209
634059
937788
968699
19346
138664
704672
96041
684564
181496
453749
66421
564972
512067
43036
703095
306036
520692
213408
966520
758528
315864
943648
380949
372485
222803
790232
238405
671517
821094
598782
153124
111522
661287
614944
513078
162229
574397
314149
962279
10298
47817
970451
868326
773959
569840
886451
454990
171296
214138
824471
577825
817344
716675
141437
923140
906130
343209
293336
383124
378467
71394
606408
93761
553129
77801
98447
263813
915859
710870
589922
271590
508001
366104
609683
451739
464009
612853
531361
346054
410951
125691
357423
950069
870763
147747
229566
969341
722008
88662
654888
451683
266248
579363
786075
346660
18268
173458
856343
555639
189795
490043
160214
524139
373101
376436
21962
249341
815219
708688
969347
40956
137845
637480
735099
462682
622669
243063
464173
303304
865567
205124
459772
979612
417122
983463
710548
91232
186964
474999
68719
384860
622143
299946
50368
623018
604777
304843
512588
138858
935781
75365
414707
806875
78851
309719
364730
498009
790519
231444
888955
907017
176958
353141
665978
151674
553852
786001
352391
623877
160553
213759
827115
520501
458617
376701
845146
373640
877504
903173
113818
134040
8851
317082
141267
417519
979548
808653
819639
229068
344834
914100
467474
570725
527037
611385
205112
316243
942422
388241
710096
832591
472717
66628
533591
362036
336883
277501
335848
499870
198890
619949
630496
188466
329203
621722
240942
294428
56585
808643
55329
396071
305623
330380
284417
210124
233334
686063
728306
433108
505776
573848
689897
914486
728507
339561
440989
703903
888255
42671
328570
819576
974727
394164
890008
303494
778548
742607
626007
305203
68730
903499
411931
91818
853811
544753
369332
864175
257628
248184
321060
384070
56807
8018
533015
819976
85362
22798
833000
33999
218965
127645
283597
218238
927780
714445
429744
207487
236287
539471
230890
346563
21300
648206
419924
122042
576152
749590
601541
119219
321780
958435
693997
572183
785328
422611
843405
773317
588355
864774
822564
911633
582502
102860
679832
148709
390499
2024
98211
25397
469505
344924
75628
19467
641221
460483
876272
753205
157238
851822
401081
653118
698388
698324
904652
648297
484757
167534
213333
18335
711055
807986
302264
9597
901920
311578
550060
62579
297722
103021
702960
986111
611683
92289
61361
420973
820538
611379
251251
500928
915497
656289
927745
514905
981034
962218
103902
772124
646502
912978
414537
361259
469918
416507
512186
239266
665245
770066
970792
917991
386129
612498
983579
106438
931291
778778
308589
297151
779103
779775
699567
498037
175686
859649
171472
960612
875616
312647
291585
501298
546662
372851
404391
245046
399650
496985
182965
250019
675196
885231
600744
601702
886337
804319
726909
645335
128814
981523
636102
254747
744322
284876
247662
982392
701071
329272
953820
222532
933132
229243
278308
625432
840387
35540
830044
601414
646862
520933
370077
352490
116625
152870
187024
259938
32902
979770
791134
714550
701050
679786
240772
394193
395048
707012
881516
890743
509176
514632
334687
526923
253036
686839
384386
186546
816161
231692
462211
822427
139795
610573
569223
327345
599864
675832
884942
624066
867817
772646
688555
271131
112690
368907
480912
638038
162813
374290
605485
426990
99776
91824
490138
880630
353431
846794
771087
251032
838481
420162
769592
807947
511315
856231
737664
126741
833706
7100
390322
939464
867711
392977
553883
262845
702003
187469
112464
956291
84131
597354
784694
492220
637167
107261
835609
836799
450821
305303
157180
79133
664392
372481
474456
375865
936144
978650
136242
742727
690964
823679
803624
699517
719511
540342
25501
912280
155585
995221
555575
360930
706438
872523
315825
386413
423699
893174
277143
137346
480615
266103
512695
719230
873290
838617
621882
597442
192845
29798
681581
820184
874241
941938
812960
989397
205915
275716
904821
514406
66340
512882
652721
167271
697694
89511
33063
283355
78702
835978
702591
678318
634095
343858
502522
552426
160556
895037
872358
815910
855170
925521
890859
862842
887395
44307
792088
19704
632752
256453
939243
788730
917734
249587
274128
641342
348308
353192
686146
704776
785820
428620
688870
770728
408182
147124
786116
340609
739598
635209
908947
867185
706923
850641
209799
30558
665139
546192
211131
376614
769462
320277
590712
815134
226138
430188
72973
536937
254436
294136
412225
760519
27787
701949
953883
740708
465122
194775
13010
300133
661026
670151
960590
694876
280298
360558
470920
284319
928300
27371
943600
843016
941221
453042
588184
870104
842860
477126
566683
43796
755117
397659
39542
438032
50960
2582
877280
433942
537939
740129
344538
801168
338105
488494
59805
420812
628347
99947
713393
647778
697317
938119
740014
430174
380125
